mysql_setting<-c("ambari","Zjy@yinker20150309", "yinker", "10.1.5.225", 3306)
